9 652 16 405 61 621 410 333 513 391 401 676 378 76 342
246 403 464 384 206 172 654 259 86 430 119 180 171 426 169
404 535 575 437 398 225 511 397 600 293 211 77 121 2 209
486 169 146 459 217 219 99 635 195 20 38 393 614 659 625
441 239 591 344 670 549 100 624 362 117 419 5 547 91 678
94 532 256 561 628 633 33 395 208 633 304 583 380 416 359
515 580 422 659 536 656 170 461 15 343 385 229 468 342 482
214 236 543 200 610 189 136 53 30 675 407 527 382 395 366
650 403 207 3 286 522 266 572 239 21 607 71 241 217 242
404 248 53 410 418 68 39 180 490 169 378 527 391 667 128
128 472 65 333 377 666 21 465 56 643 631 348 304 178 2
117 579 520 471 270 158 474 655 660 297 610 223 401 517 591
679 558 588 111 577 134 5 592 523 260 383 467 681 450 471
403 419 1 487 51 483 7 604 396 653 338 500 89 35 451
443 304 631 148 648 72 443 192 285 551 111 670 680 211 571
375 477 205 188 578 190 221 597 465 108 672 638 192 142 238
318 600 556 72 501 79 519 532 486 398 643 227 400 619 623
496 10 392 509 278 544 295 584 141 260 221 390 166 39 659
117 251 50 46 233 195 113 607 394 491 539 629 403 474 618
647 505 662 525 296 661 246 366 548 378 22 15 415 496 279
373 353 492 510 280 391 177 353 385 428 382 87 681 17 422
599 576 110 206 297 400 412 324 427 681 555 569 185 352 210
180 382 110 115 118 185 136 576 193 227 469 151 276 97 598